Afghanistan                     42239854  +93        14.00     652230 
Albania                          2832439  +355       19.00      28748 
Angola                          36684202  +244      124.00    1246700 
Argentina                       45773884  +54       621.80    2780400 
Armenia                          2777970  +374       19.50      29743 
Australia                       26439111  +61      1687.70    7692024 
Bahrain                          1485509  +973       44.40        765 
Bangladesh                     172954319  +880      446.30     147570 
Barbados                          281995  +1-246      5.70        430 
Belarus                          9498238  +375       68.20     207600 
Belize                            410825  +501        3.00      22966 
Bhutan                            787941  +975        3.00      38394 
Bolivia                         12388571  +591       46.30    1098581 
Bosnia and Herzegovina           3210847  +387       24.50      51197 
 Burkina Faso                    23251485  +226       20.80     274200 
 Canada                          38781291  +1       2117.80    9984670 
 Central African Republic         5742315  +236        2.40     622984 
 Colombia                        52085168  +57       363.80    1141748 
 Croatia                          4008617  +385       78.90      56594 
 Denmark                          5910913  +45       420.80      43094 
 Dominica                           73040  +1-767      0.70        751 
 Egypt                          112716598  +20       476.70    1010408 
 Eritrea                          3748902  +291        2.10     117600 
 Fiji                              936375  +679        5.50      18274 
 Finland                          5545475  +358      305.70     338424 
 Gabon                            2436566  +241       19.30     267667 
 Georgia                          3728282  +995       30.00      69700 
 Ghana                           34121985  +233       76.60     238533 
 Greece                          10341277  +30       242.40     131957 
 Grenada                           126183  +1-473      1.30        344 
 Haiti                           11724763  +509       25.90      27750 
 Indonesia                      277534122  +62      1417.40    1904569 
 Jamaica                          2825544  +1-876     18.80      10991 
 Kazakhstan                      19606633  +7        245.70    2724900 
 Kiribati                          133515  +686        0.20        811 
 Laos                             7633779  +856       15.50     236800 
 Liechtenstein                      39584  +423        6.60        160 
 Luxembourg                        654768  +352       89.10       2586 
 Madagascar                      30325740  +261       15.80     587041 
 Malta                             535064  +356       19.30        316 
 Mauritius                        1265740  +230       14.90       2040 
 Moldova                          2543500  +373       16.00      33846 
 Montenegro                        626485  +382        6.80      13812 
 North Macedonia                  2085679  +389       15.80      25713 
 Pakistan                       240485658  +92       340.60     881912 
 Palau                              18055  +680        0.30        459 
 Papua New Guinea                10329931  +675       31.70     462840 
 Qatar                            2716391  +974      235.50      11586 
 Samoa                             225681  +685        0.90       2842 
 Serbia                           7149077  +381       65.70      88361 
 Slovenia                         2119834  +386       68.40      20273 
 South Africa                    59308690  +27       399.00    1221037 
 Sudan                           48109006  +249       25.20    1861484 
 Tajikistan                      10143544  +992       12.80     143100 
 Trinidad and Tobago              1531044  +1-868     27.90       5130 
 Tunisia                         12458223  +216       51.30     163610 
 Turkey                          85816199  +90      1154.60     783562 
 Turkmenistan                     6516100  +993       81.80     488100 
 Ukraine                         36744634  +380      173.40     603500 
 United States                  339996563  +1      26854.00    9833517 
 Uzbekistan                      36288300  +998       90.50     447400 
